# unix_time, cycles_done, cur_path, paths_total, pending_total, pending_favs, map_size, unique_crashes, unique_hangs, max_depth, execs_per_sec
1649382547, 0, 0, 1, 1, 1, 0.00%, 0, 0, 1, 727.27
1649382552, 25, 0, 1, 0, 0, 0.00%, 0, 0, 1, 1317.83
1649382558, 54, 0, 1, 0, 0, 0.00%, 0, 0, 1, 1428.45
1649382563, 84, 0, 1, 0, 0, 0.00%, 0, 0, 1, 1449.19
1649382568, 113, 0, 1, 0, 0, 0.00%, 0, 0, 1, 1450.65
1649382573, 142, 0, 1, 0, 0, 0.00%, 0, 0, 1, 1451.33
1649382578, 172, 0, 1, 0, 0, 0.00%, 0, 0, 1, 1448.02
1649382583, 201, 0, 1, 0, 0, 0.00%, 0, 0, 1, 1451.94
1649382589, 230, 0, 1, 0, 0, 0.00%, 0, 0, 1, 1450.09
1649382594, 259, 0, 1, 0, 0, 0.00%, 0, 0, 1, 1449.41
1649382599, 289, 0, 1, 0, 0, 0.00%, 0, 0, 1, 1449.44
1649382604, 318, 0, 1, 0, 0, 0.00%, 0, 0, 1, 1448.63
1649382609, 347, 0, 1, 0, 0, 0.00%, 0, 0, 1, 1449.26
1649382614, 376, 0, 1, 0, 0, 0.00%, 0, 0, 1, 1451.19
